          238.695453746865          278.365783417195            467.2386121872           506.90894185753
          236.806139339716          279.992952526529          464.732322198746          507.919135385559
          237.243321511169          279.990574258422          464.295140027293          507.042392774545
          236.757172688787          279.943985875601          463.902167970553          507.088981157366
          231.432053166098          284.728756462801           456.91959518555          510.216298482254
          232.278413264632          284.695995682214          456.952355966138           509.36993838372
          225.963842632405          283.216589885152          451.838355169793           509.09110242254
          227.228361186834            283.1624271209          454.090320131847          510.024386065913
           224.60841118938          283.179839760809           455.83114925018          514.402577821609
          218.961538461539          279.730769230769          453.565934065934          514.335164835165
          213.685990042809          282.367308724128          447.412911056092           516.09422973741
          211.448532165945          284.085894803308          444.375643658231          517.013006295593
           205.28365232357          284.074861114778           444.38667734676          523.177886137969
          205.678060628427          284.029708980075          446.629631679266          524.981280030914
          204.760614834109          283.991384064879          445.788835715341           525.01960494611
          204.798232155479           285.78724314449           443.99297663573          524.981987624741
          203.965158926527          284.954169915538          443.946928985561          524.935939974572
          207.092604478487          285.004692390575          446.973329587447          524.885417499535
          208.844429509674           284.99827566352          448.737988072744           524.89183422659
           213.68365092241          285.002332241091          457.085579846821          528.404261165502
          211.485904593595            285.8815089892          459.283326175635           533.67893057124
          211.925454017846          288.518860611252          458.843776751385          535.437183344791
          218.514863042142          292.031346558625          461.924697397418          535.441180913902
          221.152174124714          291.152174124714           462.80386983133           532.80386983133
          222.866813456665          289.350329940182          465.484834894983          531.968351378499
           227.26241785227          289.350329940182          469.880439290587          531.968351378499
          228.381384251637          282.996768867022          477.552681682429          532.168066297813
          233.262610415199          283.042830195419          474.429697277109          524.209917057328
          228.814627932485           284.74869386655          471.844712726856          527.778778660922
          231.035082725944          290.046071736933          468.745137054276          527.756126065265
